#Mon Feb 08 06:39:43 EET 2021
user=560806.4734018297
user3=92311.47340182968
