#Mon Feb 08 05:05:41 EET 2021
user=420238.4734018297
user3=92311.47340182968
