#Mon Feb 08 01:00:55 EET 2021
user=54071.47340182968
user3=92311.47340182968
