#Mon Feb 08 02:48:42 EET 2021
user=204776.4734018297
user3=92311.47340182968
